Sample	FastQC_mqc-generalstats-fastqc-percent_duplicates	FastQC_mqc-generalstats-fastqc-percent_gc	FastQC_mqc-generalstats-fastqc-avg_sequence_length	FastQC_mqc-generalstats-fastqc-percent_fails	FastQC_mqc-generalstats-fastqc-total_sequences
P30612_101_S332_trimmed_R1.PwU.qtrim	77.27477939384914	51.0	147.5505444269398	18.181818181818183	119764371.0
P30612_101_S332_trimmed_R2.PwU.qtrim	80.77226021366914	52.0	147.64709173815976	27.27272727272727	119764371.0
P30612_102_S333_trimmed_R1.PwU.qtrim	78.39229770551994	52.0	148.50161521964858	18.181818181818183	127772096.0
P30612_102_S333_trimmed_R2.PwU.qtrim	82.52714142215527	53.0	148.56142046069277	27.27272727272727	127772096.0
P30612_103_S334_trimmed_R1.PwU.qtrim	81.16358782419042	53.0	147.21329489105892	18.181818181818183	103998009.0
P30612_103_S334_trimmed_R2.PwU.qtrim	84.91176277654326	53.0	147.32131927641038	27.27272727272727	103998009.0
P30612_104_S335_trimmed_R1.PwU.qtrim	81.32144086010766	53.0	147.75123677439854	18.181818181818183	109101749.0
P30612_104_S335_trimmed_R2.PwU.qtrim	85.65377915456568	53.0	147.83290585928188	27.27272727272727	109101749.0
P30612_105_S336_trimmed_R1.PwU.qtrim	83.2394192715162	53.0	147.56902378498327	18.181818181818183	114515069.0
P30612_105_S336_trimmed_R2.PwU.qtrim	87.22906219347303	53.0	147.67607367026955	27.27272727272727	114515069.0
P30612_106_S337_trimmed_R1.PwU.qtrim	83.18294116625485	53.0	147.60717346963102	18.181818181818183	98534717.0
P30612_106_S337_trimmed_R2.PwU.qtrim	87.56119611469582	53.0	147.6971007386158	27.27272727272727	98534717.0
P30612_107_S338_trimmed_R1.PwU.qtrim	76.57916239621903	52.0	148.83619910692545	18.181818181818183	103933542.0
P30612_107_S338_trimmed_R2.PwU.qtrim	81.1289472110955	53.0	148.8902432768047	27.27272727272727	103933542.0
P30612_108_S339_trimmed_R1.PwU.qtrim	77.92165600500797	52.0	149.36000948783666	18.181818181818183	109268323.0
P30612_108_S339_trimmed_R2.PwU.qtrim	82.97612022524156	53.0	149.39105779998107	27.27272727272727	109268323.0
P30612_109_S340_trimmed_R1.PwU.qtrim	79.38183843818554	52.0	148.1409851031043	18.181818181818183	103648440.0
P30612_109_S340_trimmed_R2.PwU.qtrim	83.93943859142561	53.0	148.21762635308355	27.27272727272727	103648440.0
P30612_110_S341_trimmed_R1.PwU.qtrim	79.26846913961958	53.0	147.45774567934626	18.181818181818183	94712693.0
P30612_110_S341_trimmed_R2.PwU.qtrim	84.25083708148293	53.0	147.5524726870558	27.27272727272727	94712693.0
P30612_111_S342_trimmed_R1.PwU.qtrim	82.98764905255555	53.0	146.0132727485468	18.181818181818183	101711563.0
P30612_111_S342_trimmed_R2.PwU.qtrim	87.53253092378893	53.0	146.15872095093061	27.27272727272727	101711563.0
P30612_112_S343_trimmed_R1.PwU.qtrim	83.63996719776748	53.0	144.5144273928874	18.181818181818183	87044902.0
P30612_112_S343_trimmed_R2.PwU.qtrim	88.10394423756374	53.0	144.77368333414861	27.27272727272727	87044902.0
P30612_113_S344_trimmed_R1.PwU.qtrim	75.50340447559378	52.0	147.1872110300499	18.181818181818183	98126120.0
P30612_113_S344_trimmed_R2.PwU.qtrim	80.6066907179388	52.0	147.30960944955328	27.27272727272727	98126120.0
P30612_114_S345_trimmed_R1.PwU.qtrim	78.71437379937001	52.0	148.16113000899503	18.181818181818183	114974660.0
P30612_114_S345_trimmed_R2.PwU.qtrim	82.80133412805647	53.0	148.2333488874853	27.27272727272727	114974660.0
P30612_115_S346_trimmed_R1.PwU.qtrim	80.46098146636703	53.0	147.2978770213855	18.181818181818183	102447617.0
P30612_115_S346_trimmed_R2.PwU.qtrim	84.729870360814	53.0	147.3848828714093	27.27272727272727	102447617.0
P30612_116_S347_trimmed_R1.PwU.qtrim	85.61846436979648	53.0	146.10936512470658	18.181818181818183	97503432.0
P30612_116_S347_trimmed_R2.PwU.qtrim	86.9112843662606	54.0	146.3892088947187	45.45454545454545	97503432.0
P30612_117_S348_trimmed_R1.PwU.qtrim	88.87649536745528	53.0	149.3454563852993	18.181818181818183	112598434.0
P30612_117_S348_trimmed_R2.PwU.qtrim	92.01512588134108	53.0	149.37610552381216	27.27272727272727	112598434.0
P30612_118_S349_trimmed_R1.PwU.qtrim	82.56340008528667	53.0	147.7229023638742	18.181818181818183	94675131.0
P30612_118_S349_trimmed_R2.PwU.qtrim	87.28621832009212	53.0	147.82484794238098	27.27272727272727	94675131.0
P30612_119_S350_trimmed_R1.PwU.qtrim	82.18440452738307	51.0	143.26970373596566	18.181818181818183	91181807.0
P30612_119_S350_trimmed_R2.PwU.qtrim	86.36230238996744	51.0	143.519470863305	27.27272727272727	91181807.0
P30612_120_S351_trimmed_R1.PwU.qtrim	81.25532962540544	52.0	145.23437833430916	18.181818181818183	100672091.0
P30612_120_S351_trimmed_R2.PwU.qtrim	84.8088006561688	52.0	145.42194553205417	27.27272727272727	100672091.0
P30612_121_S352_trimmed_R1.PwU.qtrim	80.1017912038418	52.0	145.06097363833646	18.181818181818183	93240967.0
P30612_121_S352_trimmed_R2.PwU.qtrim	83.75448529054393	53.0	145.3188710601854	27.27272727272727	93240967.0
P30612_122_S353_trimmed_R1.PwU.qtrim	79.8088578166973	52.0	146.36747746720323	18.181818181818183	96672975.0
P30612_122_S353_trimmed_R2.PwU.qtrim	84.38284262013364	53.0	146.48359188284007	27.27272727272727	96672975.0
P30612_123_S354_trimmed_R1.PwU.qtrim	85.18739962628611	53.0	144.21217686334901	18.181818181818183	102059879.0
P30612_123_S354_trimmed_R2.PwU.qtrim	88.05815127038716	53.0	144.42261224903078	27.27272727272727	102059879.0
P30612_124_S355_trimmed_R1.PwU.qtrim	84.01357149813268	53.0	148.21015134480098	18.181818181818183	97993125.0
P30612_124_S355_trimmed_R2.PwU.qtrim	87.77914300491432	53.0	148.26632875520605	27.27272727272727	97993125.0
P30612_125_S356_trimmed_R1.PwU.qtrim	78.53340429008676	51.0	146.38361650480618	18.181818181818183	98235119.0
P30612_125_S356_trimmed_R2.PwU.qtrim	82.830977877853	51.0	146.50520851916514	27.27272727272727	98235119.0
P30612_126_S357_trimmed_R1.PwU.qtrim	79.01860477360063	52.0	145.73044185523062	18.181818181818183	84444423.0
P30612_126_S357_trimmed_R2.PwU.qtrim	83.50750340975532	52.0	145.9067086644668	27.27272727272727	84444423.0
P30612_127_S358_trimmed_R1.PwU.qtrim	78.60441637959319	52.0	147.59525252614787	18.181818181818183	87885097.0
P30612_127_S358_trimmed_R2.PwU.qtrim	83.33575180601952	53.0	147.6849279008021	27.27272727272727	87885097.0
P30612_128_S359_trimmed_R1.PwU.qtrim	80.62409575931363	52.0	146.21576837214047	18.181818181818183	92460933.0
P30612_128_S359_trimmed_R2.PwU.qtrim	84.73679039019682	53.0	146.3599531815237	27.27272727272727	92460933.0
P30612_129_S360_trimmed_R1.PwU.qtrim	79.05457554623254	52.0	146.9791715118102	18.181818181818183	95043624.0
P30612_129_S360_trimmed_R2.PwU.qtrim	84.00186656798452	52.0	147.11068486824536	27.27272727272727	95043624.0
P30612_130_S361_trimmed_R1.PwU.qtrim	85.38846261045005	53.0	147.9953403200077	18.181818181818183	97987201.0
P30612_130_S361_trimmed_R2.PwU.qtrim	89.01584465813878	53.0	148.07553057873344	27.27272727272727	97987201.0
P30612_131_S362_trimmed_R1.PwU.qtrim	80.58391142001148	50.0	145.35052417157132	18.181818181818183	90457214.0
P30612_131_S362_trimmed_R2.PwU.qtrim	84.79626676604721	51.0	145.51921565923973	27.27272727272727	90457214.0
P30612_132_S363_trimmed_R1.PwU.qtrim	81.73170159703565	51.0	146.27760355240096	18.181818181818183	84747190.0
P30612_132_S363_trimmed_R2.PwU.qtrim	85.28907891289491	52.0	146.4528367489235	27.27272727272727	84747190.0
P30612_133_S364_trimmed_R1.PwU.qtrim	82.74452665592824	52.0	143.49794920084162	18.181818181818183	90734141.0
P30612_133_S364_trimmed_R2.PwU.qtrim	86.65044108481591	53.0	143.7484875731617	27.27272727272727	90734141.0
P30612_134_S365_trimmed_R1.PwU.qtrim	79.45531621682977	52.0	148.44760109738272	18.181818181818183	89791098.0
P30612_134_S365_trimmed_R2.PwU.qtrim	83.28204265706493	53.0	148.4969429152097	27.27272727272727	89791098.0
P30612_135_S366_trimmed_R1.PwU.qtrim	86.51918796333028	52.0	146.56285668530444	18.181818181818183	99348430.0
P30612_135_S366_trimmed_R2.PwU.qtrim	90.28437333918059	53.0	146.67213323854236	27.27272727272727	99348430.0
P30612_136_S367_trimmed_R1.PwU.qtrim	88.62655780313163	53.0	144.60745669187753	18.181818181818183	79237792.0
P30612_136_S367_trimmed_R2.PwU.qtrim	92.19208098462384	53.0	144.8328722233956	27.27272727272727	79237792.0
